0.034544777 0.14276114 0.03391274 -0.23920779 0.123164184 -0.3021174 -0.19972122 0.15390563 0.13356541 0.14575577 -0.1052732 -0.028527854 0.09413836 0.037566707 0.0033219487 -0.15784894 -0.114758596 -0.19268821 0.1505508 -0.1821879 -0.024588488 0.0831109 -0.071995616 -0.08437598 0.010837068 0.017620642 0.0711045 0.12861602 0.10730028 -0.11341565 0.17633262 -0.07127334 0.09904407 0.124267146 -0.07590323 -0.059652563 0.11258345 0.030570548 -0.04748061 -0.027649168 0.24545583 0.11238908 0.036630582 -0.04654869 0.0885601 0.02335488 -0.18906082 0.097723864 0.10289097 0.00581163 -0.11821214
-0.040956814 0.018790958 0.14131774 -0.09871609 0.1030966 -0.2306009 -0.024783147 0.012078231 0.049697164 0.10147941 -0.06726141 -0.031862803 -0.15235019 0.045396492 -0.025545849 0.06481145 -0.11495866 -0.0143358 0.029482078 0.007959734 0.028239975 0.12758486 -0.06210492 -0.075830266 0.12528811 -0.035042424 0.06150159 0.0075379247 -0.03091517 -0.060465056 0.1995045 -0.07824767 -0.009078275 0.04642935 0.1357062 0.10097054 0.21702619 0.026064789 0.14813124 -0.0055078464 0.14302552 0.12346439 0.037511464 0.0385631 0.09846931 -0.13940622 -0.21340542 -0.06410669 -0.12401641 0.044446547 -0.018668002
0.15929635 0.1552375 0.06090544 -0.27131906 0.2917196 -0.10005728 -0.17025906 -0.051425718 0.007990268 0.06016284 -0.058775403 0.092906706 -0.010074792 0.07620896 -0.06655329 -0.12712978 -0.09588362 -0.11513519 -0.025868004 -0.090715714 -0.061878957 -0.051244058 0.072705925 0.02823797 0.21571289 -0.03934956 0.080711156 0.035724152 -0.01679496 -0.13811824 -0.009701595 0.040065 -0.049975388 0.12312194 0.10521 0.07007381 0.07127992 -0.042444848 -0.10160736 0.0329473 0.1842738 0.12812997 -0.1607058 -0.021137593 0.16067289 0.01700906 -0.14397183 -0.13598844 0.013246296 0.1618642 -0.04331924
0.22008465 0.12948248 0.10035467 -0.32379058 0.2842205 -0.2597679 -0.2145375 -0.027793622 0.16561837 -0.026553178 -0.05886548 0.16405207 -0.11845588 0.08250782 0.14603952 0.01788178 0.06449082 -0.19110213 -0.032437034 0.052414645 -0.014434921 0.10042369 -0.067935124 0.057668425 0.07377543 0.08368364 0.06005703 -0.08478969 -0.11284128 -0.19128352 0.07905889 -0.07575807 0.13044335 0.07821474 0.063006744 0.008269606 -0.020947086 0.054322068 0.06953315 -0.16526492 0.21144864 0.10757171 -0.021881184 -0.054246247 0.07769888 0.10797388 -0.2654165 -0.081390165 0.07131926 0.06229863 0.036591575
0.058973175 0.020605197 -0.057159223 -0.19769554 0.14908625 -0.118536584 -0.22596803 -0.035428412 -0.007407223 0.1244583 0.0132368775 0.019217351 0.022763561 0.0068173837 0.07504898 -0.06026476 -0.0025337327 -0.19266634 0.15566336 -0.08590249 -0.052858863 0.13021234 -0.10157813 -0.020750811 0.020937284 -0.01091557 0.02042514 0.09168857 0.082969144 -0.11465385 -0.023813818 -0.13748647 0.0957323 0.007985032 0.0044276966 -0.010366448 0.18345414 0.13469781 -0.09158216 -0.073236935 0.08220595 0.021653054 0.11208832 -0.035349034 0.2640274 0.0235086 -0.15571709 -0.09856046 0.00055392913 0.07640068 -0.12532002
0.028377553 0.008597764 0.13631763 -0.19102599 0.2030318 -0.29111862 -0.06386401 0.05258307 0.10649627 -0.0357308 0.080172375 0.17452365 0.00229991 0.062149864 0.15144798 -0.015995739 -0.021835396 -0.0039026737 -0.038043603 0.053837284 -0.016777342 -0.0986818 0.009538134 -0.012273043 0.13492508 0.102967605 0.02743372 0.11967006 -0.049627706 0.01578831 0.15357926 0.048480812 -0.044263817 0.048819534 -0.06358669 0.08616936 0.060707815 0.19860993 0.16473137 -0.07790319 0.060313504 -0.051297635 0.04695979 0.120605946 0.056459475 0.008501586 -0.08502894 0.08948388 -0.09371054 -0.08166863 0.023873514
0.20814951 0.14773217 0.17649741 -0.14522813 0.25378472 -0.10651387 -0.20159563 0.12937135 0.04353657 0.0713924 0.058851138 0.02809584 -0.14526615 0.018145591 0.00529171 0.0826568 -0.124635085 -0.04344327 0.22121315 -0.15839867 0.113807224 -0.09095547 -0.14574091 0.0022119412 0.005973448 0.016758822 0.022666503 -0.10614844 0.11650649 -0.15339094 0.12780747 -0.003550295 0.17919166 0.0097924825 -0.1117366 -0.14742069 0.0029256523 0.1929671 0.13024165 -0.1362852 0.03766555 -0.027786301 0.003952133 -0.12761965 0.23037912 -0.08186147 -0.21670024 0.040941454 -0.04054549 0.05182868 -0.032539852
-0.04422042 0.13488276 -0.033346906 -0.20184241 0.23433743 -0.104638875 -0.20472297 -0.045219205 0.25491485 -0.019483497 -0.046022423 0.16812465 -0.07423601 -0.033097893 0.12381241 -0.08428794 -0.115688995 -0.11570214 0.14870302 0.074967645 0.0012593814 0.116191596 -0.03937134 -0.09230226 0.14199115 0.1556894 -0.01786714 -0.043757744 -0.009493741 -0.19829386 0.05958366 -0.058285747 0.1811242 0.111425094 0.10172557 -0.10375258 0.20681803 -0.043809805 0.11000072 -0.10354511 0.16463965 0.15813486 -0.06614975 -0.104129314 0.07106171 -0.13311766 -0.009689048 -0.12266538 0.0020551784 0.17082225 0.0068739993
0.049716692 0.054938138 0.16195337 -0.13553257 0.18270715 -0.11572094 -0.044333838 0.105499305 -0.013301774 0.085329354 0.051195852 -0.024095709 -0.13820302 -0.00011580935 -0.04922895 -0.09766206 0.059082534 -0.024631241 0.14661767 -0.10411178 0.08248218 -0.05258227 0.023408612 0.02473799 0.19114633 0.09870796 -0.06293061 -0.13235687 0.04721901 -0.18570605 0.122739635 -0.0010886749 0.16959436 0.16834602 0.055287134 0.010661332 0.06471062 0.08995858 0.10551139 -0.1061246 0.06735259 0.10332807 -0.017507808 0.09903918 0.25249568 -0.108567856 -0.14851668 -0.12816234 0.13910338 -0.017993521 -0.13123149
0.08514553 0.0970804 0.09535593 -0.14673726 0.15420194 -0.041892875 -0.2736278 0.02503704 0.14981411 0.16967034 -0.058725476 0.10957224 0.02025312 0.0996134 -0.056197062 0.09224258 0.008798915 0.06181308 0.064479195 0.04182806 -0.0662146 0.08308427 -0.11119449 0.06584893 0.08537344 0.07779108 0.010030413 0.10013008 -0.04707431 -0.06167127 0.1474308 0.015550569 -0.0074131005 0.1453014 -0.08480569 0.10251981 0.11596862 -0.044961445 -0.013159032 -0.09680078 0.1483126 0.021746567 0.018323753 -0.0063492926 0.07229789 -0.13384636 -0.23828392 0.082770444 -0.05041385 -0.072205916 0.11586027
0.22653975 0.09148229 0.105627075 -0.18258767 0.13125706 -0.20871407 -0.04743696 0.0936782 -0.0041954094 -0.00067047536 -0.04820282 -0.06363 -0.016863521 -0.0921336 -0.118933454 0.019523222 0.03995997 -0.13364011 0.06604506 -0.004303499 0.09494712 -0.077537 -0.0638428 0.024141895 0.1347961 -0.058905598 0.10310376 0.13901265 -0.07773195 -0.094600715 0.15277858 0.09183918 0.075495034 0.015567976 0.0966407 0.0845107 -0.0056822635 0.14963715 -0.010590219 0.06321828 0.1473268 0.16138841 0.011726552 -0.04585701 0.21527813 0.062217295 -0.1426581 0.02373832 0.04503874 0.15779264 0.007134486
-0.015130523 0.05903136 0.09201062 -0.28124323 0.12950793 -0.05518591 -0.23991242 0.036620535 0.20946497 0.074135974 -0.0014967178 0.15393975 -0.021324424 -0.07012981 0.0909093 0.09822412 -0.025736978 -0.1559832 0.1606446 -0.18108694 0.04784142 0.14806286 -0.033835556 0.04862041 0.10397921 0.08525653 -0.10721682 0.09851767 -0.14338145 -0.056326468 -0.008654596 0.09823902 -0.021899575 0.1445274 0.08424554 -0.026821984 0.028504252 0.14914627 0.15531074 0.0653208 0.030769497 0.06494019 0.068002075 0.08701587 0.096251346 0.0979112 -0.17380324 -0.11223347 0.0055489587 0.062203083 0.04025475
0.22227965 0.0906528 0.17613293 -0.15239547 0.23066042 -0.07382862 -0.1526073 0.03195939 0.071050026 0.02801578 0.11526485 -0.07480634 0.046593715 -0.089758426 0.046136618 -0.019266652 -0.08532474 -0.047194965 0.06453804 -0.047568664 0.13137186 -0.01942325 0.087077126 -0.024527265 0.08144841 0.19710948 0.06500253 -0.025125168 0.027938778 -0.21089005 -0.03557672 0.026111744 0.053267896 0.17790195 0.09232918 0.085998565 0.056187145 0.0032450447 -0.08208143 -0.15770383 0.033454496 0.08814398 -0.11162169 0.06613543 0.2534571 -0.00190805 -0.27661654 0.067057006 -0.04632702 -0.0051976694 -0.11384144
0.18621291 -0.046552315 -0.023883464 -0.20071618 0.19050352 -0.10746277 -0.23807764 -0.049586214 0.11518336 -0.08450396 -0.116116345 0.1248593 -0.118313245 -0.04271008 0.0898751 0.109893486 0.074086204 -0.104396254 -0.040036306 -0.13444719 0.0068538017 0.04921408 0.025888087 -0.09541553 -0.036989655 0.027681995 -0.028402094 0.08566193 0.029730013 -0.09746269 0.026316468 0.0715816 0.19223006 0.10973827 0.031178923 0.0899784 0.17666121 0.14975838 -0.059169505 0.07064333 0.2112065 0.111098 -0.11974828 0.052513503 0.23386376 -0.023146547 -0.13547787 -0.041330814 0.006255004 -0.03132136 -0.020818876
-0.041407306 -0.044860646 0.15742858 -0.3423324 0.039562244 -0.2553575 -0.25077194 0.05492129 0.03718332 -0.048769925 -0.14130384 0.08423209 0.09030197 -0.12916408 0.053515032 0.027314814 -0.05046979 0.01727104 0.18840383 -0.0676016 0.18406528 0.1582971 0.089872524 0.16499908 0.059940375 0.16899739 -0.051683035 0.11285865 -0.13783953 -0.11590152 0.16830081 -0.038928624 0.016817521 -0.015531033 -0.031728376 0.07027091 0.11390849 -0.0066665728 -0.07469552 0.108034275 0.17592908 0.10040822 0.013227598 0.10905522 0.19452493 0.090195395 -0.092324845 0.13345078 0.07066546 0.058335423 -0.007316324
-0.025682047 -0.00524889 -0.07855061 0.27724987 -0.03364926 0.19870919 0.009050329 0.0120757455 -0.06388815 0.065741464 0.13897364 -0.05049262 -0.07361162 0.08246427 0.09239226 0.15269528 -0.011780631 0.06847021 0.041191284 0.07992218 -0.04652452 0.085927896 -0.04937114 0.07647663 0.04203825 -0.17533961 -0.12902932 -0.02622397 -0.10542827 0.19117215 -0.15675762 0.004127632 -0.18514125 -0.11604232 -0.045062654 0.08587991 -0.03925493 -0.17595002 -0.1145607 0.14337088 -0.052393086 -0.023749955 0.039710183 -0.069996856 -0.17966387 -0.1149276 0.26712954 0.04176687 0.13089478 -0.108937554 0.027091222
-0.08523521 0.044158023 -0.011062675 0.19078463 -0.14331259 0.24253726 0.11638475 -0.13589847 -0.095578104 0.10553439 0.00921744 -0.02952323 -0.09426245 -0.04435186 -0.054302823 -0.10497655 -0.0444681 -0.018195176 -0.15988079 -0.033251785 0.068157755 0.07085426 0.0961415 -0.03703099 -0.16941433 -0.20955312 0.09179 0.07325772 0.019479254 0.03810211 -0.041582365 -0.037743643 0.033183314 0.055526502 0.10224515 -0.11298223 -0.18621813 -0.17597204 0.02201748 -0.087068796 -0.00979307 -0.14591095 0.020580929 -0.013883289 -0.108932264 -0.035707947 0.17874275 -0.08529247 -0.062455114 0.064425014 -0.12967181
0.0097812265 -0.0041808523 -0.024464274 0.08276198 -0.06175471 0.19857055 0.27747774 0.056360416 -0.003854886 -0.08178921 0.035101097 0.088510975 0.03114666 0.065852396 -0.01976598 0.1072499 0.048709158 -0.058229897 -0.21935686 0.032258384 -0.016474022 -0.133577 -0.00807027 -0.07632704 0.016848473 -0.036512107 0.08409638 0.11985377 0.124752186 0.16541663 0.043869056 -0.010333883 -0.1859832 -0.017306594 0.11598635 -0.064132765 -0.099120654 -0.17961806 0.039005265 0.009449788 -0.103182286 -0.07950863 0.10115495 0.1264607 -0.11473262 -0.01583889 0.14862299 -0.018477025 0.03260534 0.038855556 -0.091864444
-0.20534605 -0.12261087 0.041238673 0.31968242 -0.06604831 0.16095072 0.27224267 -0.10236082 -0.098556906 -0.09743876 -0.112757035 -0.14850225 0.1292502 0.15522058 -0.027473843 -0.005071367 -0.010401646 -0.06710516 0.005243426 0.091909744 0.042116303 -0.019955216 0.047642946 -0.025405979 0.021926543 -0.19547093 -0.012257494 -0.1251669 0.033073146 -0.000855516 -0.029042391 -0.13783485 -0.033439398 -0.021728005 -0.0013252512 0.11980823 0.056188267 -0.028450763 -0.10347175 -0.072664544 -0.064707756 0.0034057645 -0.030199803 -0.05723246 -0.12898925 -0.019329315 0.23387744 0.10466188 0.059650503 -0.07367807 0.014814994
-0.19737431 0.0013142885 -0.07845625 0.247449 -0.13401042 0.17930254 0.24409837 -0.061841235 0.015019933 -0.0967991 0.16030845 -0.121707216 0.12908116 -0.08878792 -0.04435086 -0.0015720918 0.0031857523 0.020629633 -0.13107638 0.11964358 -0.09658546 -0.0616445 0.009925892 0.021739831 0.03473068 -0.058594838 -0.14686249 -0.0017324105 0.114422135 0.017149346 -0.030993463 -0.027802309 -0.03324735 0.08430099 0.122621566 -0.08839284 -0.17535226 -0.0002943026 -0.0004984344 -0.06505985 -0.24176635 -0.18303902 -0.062025025 -0.017436618 -0.2781763 0.13975237 0.11514817 0.02080835 0.1324221 -0.10371158 0.055608794
-0.041236095 -0.16793317 -0.13879271 0.14104135 -0.055245884 0.30895954 0.21470058 -0.16539603 -0.24061184 -0.016309548 0.00914146 0.0018647028 0.017771792 0.12060802 0.05114038 -0.101820305 0.014625635 -0.019206686 -0.15355572 0.15842465 -0.047207434 -0.15351188 0.06003472 0.058485482 0.009538789 -0.09948134 0.0011607881 0.05020808 0.10171508 0.11191492 -0.022001363 -0.07649593 0.044982508 0.07370036 -0.10721758 -0.09102681 -0.08011008 -0.10430175 0.10551391 0.09151094 -0.20595033 -0.12714143 0.06988205 0.0005524266 -0.13474074 -0.08540816 0.15351053 -0.06252766 -0.11490293 -0.1433947 -0.05495035
-0.04641086 0.051074672 0.0011384452 0.07402683 -0.109501265 0.13803253 0.24458885 -0.0605151 -0.14720689 0.035342943 0.08632169 0.06520354 -0.044676382 -0.079648346 -0.118583746 -0.026700903 0.093498684 0.016013455 -0.11046313 -0.030793253 -0.17987752 -0.1492834 -0.06656897 0.0011690387 -0.08335448 -0.077405445 0.064455986 -0.114482835 0.05437846 0.15082866 -0.07880621 0.083064735 0.036534853 -0.10551789 0.025561793 0.13259436 -0.014765129 -0.07931998 0.038234755 -0.0012702469 -0.09419513 -0.050795075 -0.0049104355 -0.013363222 -0.10660166 -0.09385406 0.1487789 -0.11299685 0.0719921 -0.05950805 0.05214327
-0.14351934 -0.11892907 -0.1834622 0.18611589 -0.103201054 0.13430575 0.20411327 0.0867404 -0.101054356 -0.16976787 -0.03372416 -0.18423901 0.0046365717 0.15744399 0.038751807 -0.05986063 0.0911477 0.09996322 -0.011902013 0.18688065 0.053770483 0.029045368 -0.04006777 0.10608572 -0.024064237 0.042315356 0.07560847 -0.070731826 0.0143577475 -0.062124975 -0.11057256 0.13061647 -0.074616 -0.14850861 0.08100924 0.07271594 -0.050585408 0.03552193 -0.06559003 -0.003404788 -0.11764842 -0.0073581827 0.038764533 -0.020025903 -0.19022083 0.016766993 0.25449666 -0.018646827 0.07283239 -0.14117359 0.054234974
-0.07634667 -0.07738121 -0.13937017 0.22766066 -0.22867475 0.23801482 0.10013393 -0.12030596 -0.0068307454 -0.03891426 -0.007377185 0.082653 0.079172015 -0.070884116 -0.107944615 0.054925974 -0.114158906 0.012198408 -0.04048169 0.057184674 0.036426272 -0.13478942 0.15302907 -0.09217176 0.03622793 -0.206045 -0.057016063 0.03408212 0.0057368586 0.20680028 -0.18394992 -0.059788495 0.047635615 -0.14087829 0.03108816 -0.0914765 -0.20023562 0.0437444 -0.095579185 0.15001158 -0.1674795 0.03664394 0.15679565 -0.060129087 -0.114492446 -0.05239344 0.20079453 -0.062302377 0.07471259 0.036386024 0.120557964
-0.009281238 -0.1222359 -0.08420353 0.14491227 -0.13118654 0.29305285 0.28047603 0.039701827 -0.043128163 0.07781389 0.015110058 -0.15644456 -0.0009953247 0.044392012 -0.08902127 -0.07344936 -0.0015064854 0.12099737 0.019372772 -0.0052470155 -0.13822988 0.097710595 0.024434611 -0.014785234 -0.030180873 0.039836496 -0.120709 -0.11674942 -0.05167191 0.018121766 -0.04842886 -0.080832615 0.004515301 -0.03881662 0.08968924 -0.101812765 -0.2075577 0.056804486 0.10185673 -0.072554305 -0.15030225 -0.12388559 0.016083015 -0.12397916 -0.24636267 -0.03613533 0.24424551 0.041215498 0.10697843 -0.008208797 0.040398635
-0.22288752 0.008967193 -0.15315619 0.3101912 -0.12593974 0.17925107 0.13768084 0.06668576 -0.10382694 -0.055214476 -0.045445427 0.01814931 0.14875707 0.12515597 -0.05068374 -0.049358986 -0.08656903 -0.03291468 -0.21755478 -0.011149675 0.06107245 -0.08611309 0.08605708 -0.1123914 -0.23386432 -0.08599018 -0.047794055 -0.00821997 -0.087946184 0.1951155 -0.040904455 -0.07867235 0.026914869 0.060283672 -0.14696702 -0.07896659 -0.17666669 0.059349123 0.046786323 0.15314616 -0.2526454 -0.19854097 -0.09943148 0.083801165 -0.28661484 -0.10600185 0.13416387 0.025816115 -0.06227968 -0.085064 -0.13795847
-0.15794292 0.012977905 -0.08680281 0.075077645 -0.10218798 0.1998285 0.19857183 0.03158813 -0.18178423 -0.11320033 -0.08574238 -0.12388096 0.013982603 0.025984209 -0.11238509 0.04706736 -0.100112475 0.03735346 -0.19861266 0.010788541 -0.0014225476 -0.15808968 0.057242908 -0.082804784 -0.12041528 0.014114753 -0.05033545 -0.03569648 -0.0736054 0.10714409 -0.12365366 -0.01429648 -0.009752932 -0.08410969 0.058158815 0.09919411 -0.025165033 -0.13139392 -0.1304651 -0.037430685 -0.09859212 -0.17145793 0.05473938 0.1040664 -0.071625985 -0.07929241 0.19541489 -0.02808806 -0.005818249 0.069929495 0.021471547
-0.19313166 -0.081417665 -0.15748328 0.2101056 -0.089286484 0.030278612 0.23756036 -0.11587956 -0.11256461 -0.061679676 -0.006493704 0.010875086 0.032664184 0.16263501 -0.108739175 0.13541706 -0.089044474 0.020669123 0.027808167 0.011596326 -0.026804743 -0.042520832 -0.101062566 0.04184257 -0.11790291 -0.0043435604 -0.0067724735 0.08933421 0.027918665 0.1491766 -0.02104526 -0.035712473 0.024947135 0.024895927 0.016674446 0.1272736 -0.05002923 0.0021369832 -0.14496711 0.068301275 -0.23848055 -0.20718496 -0.07765542 -0.03286686 -0.29611152 0.048499495 0.14635013 0.077741146 -0.08471382 -0.13369812 -0.13945532
-0.057606995 0.029027317 -0.06918469 0.19724008 -0.09265429 0.30865622 0.007912035 -0.14729185 -0.07069169 -0.0948027 -0.03901041 -0.18594968 -0.023259941 0.153815 -0.051599015 -0.022061568 0.13564722 -0.07652231 0.042894058 0.06498711 0.03772144 -0.118676044 0.006296824 0.00033219054 -0.0051644444 -0.06655594 -0.105969295 -0.12131247 0.11641725 0.042864613 0.041941263 -0.09249963 -0.20373802 -0.18034834 -0.07827729 0.09308967 0.01184975 -0.14836705 -0.09543838 0.04436754 -0.04672045 -0.13765532 -0.096737824 0.09150159 -0.12522534 -0.09000055 0.15349953 0.10922891 -0.118988074 -0.109984696 -0.05329252
-0.12826577 -0.045309406 -0.015309308 0.13944289 -0.29280907 0.30245054 0.06489672 0.062576726 -0.15021245 -0.06977626 -0.0019500868 0.0057214103 -0.009093342 -0.06739985 0.11450982 0.025569364 0.10298154 0.06175973 -0.21443748 0.124025226 -0.11747577 -0.15154576 0.11832169 -0.050378237 -0.1367999 0.00022532 0.0054492555 -0.0977597 -0.03639473 -0.049746126 -0.029958509 -0.029269632 0.07534241 -0.0501634 0.007914669 0.07317875 -0.16922344 -0.09263295 0.02235319 -0.017964512 -0.27639356 -0.17628886 0.15740272 -0.07907108 -0.23570076 -0.08129725 0.052380864 0.035011407 0.01565767 0.052599985 0.0031337494
